110
111
112
113
114
115
116
117
118
119
122
123
124
125
126
127
128
129
133
134
135
136
137
138
139
144
145
146
147
148
149
155
156
157
158
159
166
167
168
169
177
178
179
188
189
199
200
210
211
220
221
222
223
224
225
226
227
228
229
233
234
235
236
237
238
239
244
245
246
247
248
249
255
256
257
258
259
266
267
268
269
277
278
279
288
289
299
300
310
311
320
321
322
330
331
332
333
334
335
336
337
338
339
344
345
346
347
348
349
355
356
357
358
359
366
367
368
369
377
378
379
388
389
399
400
410
411
420
421
422
430
431
432
433
440
441
442
443
444
445
446
447
448
449
455
456
457
458
459
466
467
468
469
477
478
479
488
489
499
500
510
511
520
521
522
530
531
532
533
540
541
542
543
544
550
551
552
553
554
555
556
557
558
559
566
567
568
569
577
578
579
588
589
599
600
610
611
620
621
622
630
631
632
633
640
641
642
643
644
650
651
652
653
654
655
660
661
662
663
664
665
666
667
668
669
677
678
679
688
689
699
700
710
711
720
